#          omega_b,        omega_cdm,              n_s,              A_s,                h,        bias_GC_1
 2.06497731865348589403e-05	 3.90870708150840013412e-05	-3.00710450912976159747e-05	-3.78390703965377150535e-13	 1.52428071095100968815e-04	-4.80652038156058311521e-06	
 3.90870708150840013412e-05	 8.30059991067834531883e-05	-7.16737090858598970434e-05	-9.74541881437737971067e-13	 3.32599201733678418932e-04	-1.35756367584019669209e-05	
-3.00710450912976159747e-05	-7.16737090858598970434e-05	 7.15725158467228253891e-05	 9.73905271287080000451e-13	-2.99635830414642946855e-04	 1.54468397489599922469e-05	
-3.78390703965377150535e-13	-9.74541881437737971067e-13	 9.73905271287080000451e-13	 1.44972019314520200813e-20	-4.07007584288792329553e-12	 1.96173842394588339532e-13	
 1.52428071095100968815e-04	 3.32599201733678418932e-04	-2.99635830414642946855e-04	-4.07007584288792329553e-12	 1.36232917102684265853e-03	-6.28373632198416225830e-05	
-4.80652038156058311521e-06	-1.35756367584019669209e-05	 1.54468397489599922469e-05	 1.96173842394588339532e-13	-6.28373632198416225830e-05	 1.13931512675960401100e-05	
