#          omega_b,        omega_cdm,              n_s,              A_s,                h,        bias_GC_1,        bias_GW_1,        bias_GW_2
 2.62857773446747167438e-05	 5.00279348733637276156e-05	-2.82210044334130445763e-05	-2.74066441051360692125e-13	 2.15540101692495447922e-04	-6.58585232425254712540e-05	 5.29872734020692018157e-04	-1.67375448774530574030e-04	
 5.00279348733637276156e-05	 1.03156482222257811412e-04	-5.93833635460074024215e-05	-5.22018089196139841635e-13	 4.53332209944936844782e-04	-1.77860940330079326643e-04	 1.02836893867829827498e-03	-4.20134085156526591604e-04	
-2.82210044334130445763e-05	-5.93833635460074024215e-05	 5.70807071507379117960e-05	 2.01567185850506019413e-13	-2.10132691954308738506e-04	 1.07474862000848597559e-04	-4.76034691750649942201e-04	 2.69776744485569330151e-04	
-2.74066441051360692125e-13	-5.22018089196139841635e-13	 2.01567185850506019413e-13	 1.06775657941883003481e-19	-2.52661128071947188885e-12	-2.11858025824263382074e-11	-5.38871101258239420260e-11	 1.40768292743971524391e-11	
 2.15540101692495447922e-04	 4.53332209944936844782e-04	-2.10132691954308738506e-04	-2.52661128071947188885e-12	 2.13187042672045119415e-03	-8.12873440812875549047e-04	 4.76599673408852758660e-03	-1.90461442612641128694e-03	
-6.58585232425254712540e-05	-1.77860940330079326643e-04	 1.07474862000848597559e-04	-2.11858025824263382074e-11	-8.12873440812875549047e-04	 5.17904938202178727336e-03	 8.74735024061490222536e-03	-1.30625415336375698926e-03	
 5.29872734020692018157e-04	 1.02836893867829827498e-03	-4.76034691750649942201e-04	-5.38871101258239420260e-11	 4.76599673408852758660e-03	 8.74735024061490222536e-03	 4.07677912777151887913e-02	-3.85898195684177477971e-02	
-1.67375448774530574030e-04	-4.20134085156526591604e-04	 2.69776744485569330151e-04	 1.40768292743971524391e-11	-1.90461442612641128694e-03	-1.30625415336375698926e-03	-3.85898195684177477971e-02	 1.86480310486218547883e-01	
