#          omega_b,        omega_cdm,              n_s,              A_s,                h,        bias_GC_1
 6.13272199247399902927e-05	 4.69393993725941509852e-05	 2.97574977997788318342e-05	-1.04209261352866979790e-13	 6.89240039236307814111e-04	 2.28888390886598921611e-04	
 4.69393993725941509852e-05	 5.02395420857223084718e-04	-6.57099146359798051871e-04	-3.24771462851826404697e-12	-1.95449932017349465446e-03	-3.96576658202495851979e-03	
 2.97574977997788318342e-05	-6.57099146359798051871e-04	 9.83082590460794721043e-03	 1.78063668544841687055e-12	-6.32395786478074945630e-03	 5.80587802762296077003e-03	
-1.04209261352866979790e-13	-3.24771462851826404697e-12	 1.78063668544841687055e-12	 1.29447668904409993236e-19	-1.95613990370847699558e-11	 8.19397217050746023206e-12	
 6.89240039236307814111e-04	-1.95449932017349465446e-03	-6.32395786478074945630e-03	-1.95613990370847699558e-11	 7.91035956156332653588e-02	 2.87583659065632143981e-02	
 2.28888390886598921611e-04	-3.96576658202495851979e-03	 5.80587802762296077003e-03	 8.19397217050746023206e-12	 2.87583659065632143981e-02	 4.41967222179939500659e-02	
