#          omega_b,        omega_cdm,              n_s,              A_s,                h,        bias_GC_1,        bias_GW_1,        bias_GW_2
 4.06157355918354394126e-05	 2.22822050808824428296e-05	 6.70489007851565748828e-05	 5.28136194489671359303e-13	 1.34204120069665084778e-04	 6.31060904454138149816e-05	-4.27819899863583961411e-05	 2.51605565501657485342e-05	
 2.22822050808824428296e-05	 2.58546137468707059367e-04	-2.39242453652472057603e-04	-2.12265690137908374896e-12	-5.94778320957048458055e-05	-1.17875403538311870032e-03	-3.50068644158188588961e-03	-1.14138062003974448139e-04	
 6.70489007851565748828e-05	-2.39242453652472057603e-04	 1.06338479539428050480e-02	-1.11694251680741295581e-13	-7.53851893236680888760e-03	-1.10580911293715607006e-03	-1.00276405142024887390e-02	-3.44336635426698879636e-03	
 5.28136194489671258328e-13	-2.12265690137908374896e-12	-1.11694251680741295581e-13	 2.49893891251250872289e-19	-5.27509450394756904728e-11	-3.84141418953711259887e-11	-2.02979063006137229560e-10	 1.07280539380254938325e-10	
 1.34204120069665084778e-04	-5.94778320957048458055e-05	-7.53851893236680888760e-03	-5.27509450394756904728e-11	 4.19234746963950619114e-02	 1.43951571340514544034e-02	 9.39453596395142115361e-02	 2.50526997933727074794e-04	
 6.31060904454138149816e-05	-1.17875403538311870032e-03	-1.10580911293715607006e-03	-3.84141418953711259887e-11	 1.43951571340514544034e-02	 2.07230819059847949648e-02	 8.37842777001614330556e-02	-2.96552325867291723116e-02	
-4.27819899863583961411e-05	-3.50068644158188588961e-03	-1.00276405142024887390e-02	-2.02979063006137229560e-10	 9.39453596395142115361e-02	 8.37842777001614330556e-02	 1.93689327570926050903e+00	-1.03097774805881892135e+00	
 2.51605565501657485342e-05	-1.14138062003974448139e-04	-3.44336635426698879636e-03	 1.07280539380254938325e-10	 2.50526997933727074794e-04	-2.96552325867291723116e-02	-1.03097774805881892135e+00	 3.16102964256335372539e+00	
