#          omega_b,        omega_cdm,              n_s,              A_s,                h,        bias_GC_1
 2.27197834304180098751e-06	 4.27966786546421352577e-06	-5.46671368195104740112e-06	-3.42969390175043297695e-14	 1.71794792352521623097e-05	-2.45429125857229505763e-06	
 4.27966786546421352577e-06	 9.54189927291031729116e-06	-1.81991267335435709504e-05	-7.90897089617473798057e-14	 3.60493273956606036603e-05	-1.04157616951533442412e-05	
-5.46671368195104740112e-06	-1.81991267335435709504e-05	 7.09632497162460991599e-05	 4.82713856934886651998e-14	-5.19321179149423334015e-05	 5.74600091764067069373e-05	
-3.42969390175043297695e-14	-7.90897089617473798057e-14	 4.82713856934886651998e-14	 1.62455234289867618211e-21	-3.76580496423526377604e-13	-9.11026081657193253910e-14	
 1.71794792352521623097e-05	 3.60493273956606036603e-05	-5.19321179149423334015e-05	-3.76580496423526377604e-13	 1.50969744730423851946e-04	-1.88889339589240022458e-05	
-2.45429125857229505763e-06	-1.04157616951533442412e-05	 5.74600091764067069373e-05	-9.11026081657193253910e-14	-1.88889339589240022458e-05	 6.14871801330873362940e-05	
