#          omega_b,        omega_cdm,              n_s,              A_s,                h,        bias_GC_1,        bias_GW_1,        bias_GW_2
 3.73848028725582728115e-06	 7.50372609147299731314e-06	-7.17508271898024361244e-06	-7.96796658401316747327e-14	 2.87302485169170546575e-05	-1.56818362881729572063e-06	 7.66115144338876889307e-05	 4.17452685398128545797e-06	
 7.50372609147299731314e-06	 1.69855707752881758814e-05	-2.38207220760455988388e-05	-1.78306568389684045914e-13	 6.10516628845447089941e-05	-1.00650160287009048327e-05	 1.49551001437993081071e-04	 9.85192367043056480306e-06	
-7.17508271898024361244e-06	-2.38207220760455988388e-05	 8.12328375444133646624e-05	 1.09269760411980250693e-13	-6.17682894120376790262e-05	 6.12627649473000392361e-05	-7.50653471347935533119e-05	 1.56031473488920798226e-05	
-7.96796658401316873544e-14	-1.78306568389684045914e-13	 1.09269760411980250693e-13	 2.96899428510105428457e-21	-7.39645887548606486492e-13	-1.08251525566942218233e-13	-2.15661905303770650704e-12	-1.69447989342231869576e-13	
 2.87302485169170546575e-05	 6.10516628845447089941e-05	-6.17682894120376790262e-05	-7.39645887548606486492e-13	 2.43938256774666031640e-04	-8.46770965093150109121e-06	 6.46004543344079950815e-04	 2.21253892827235209716e-05	
-1.56818362881729572063e-06	-1.00650160287009048327e-05	 6.12627649473000392361e-05	-1.08251525566942218233e-13	-8.46770965093150109121e-06	 6.62397587809052145521e-05	 8.93598090863976341706e-05	 3.98409125899068460009e-06	
 7.66115144338876889307e-05	 1.49551001437993081071e-04	-7.50653471347935533119e-05	-2.15661905303770650704e-12	 6.46004543344079950815e-04	 8.93598090863976341706e-05	 4.12693157992862630357e-03	-4.85158679281335724481e-03	
 4.17452685398128545797e-06	 9.85192367043056480306e-06	 1.56031473488920798226e-05	-1.69447989342231869576e-13	 2.21253892827235209716e-05	 3.98409125899068460009e-06	-4.85158679281335724481e-03	 1.88514356334035203255e-02	
