#          omega_b,        omega_cdm,              n_s,              A_s,                h,        bias_GC_1,        bias_GW_1,        bias_GW_2
 4.45089347813509527405e-05	 2.71435633460082266554e-05	-6.32071738242264899704e-05	 5.65195607879153868333e-13	 2.80934331144197719544e-04	 9.99284525947235357938e-05	 1.90820898070543981326e-03	-1.27809533653977774187e-03	
 2.71435633460082266554e-05	 1.67303231681645650248e-04	-1.05975713216325355122e-04	-3.45498057611702281601e-12	 4.02756849458619375654e-04	-2.46663914055019817869e-04	 1.69233272394183026192e-03	 1.52077647775828599976e-03	
-6.32071738242264899704e-05	-1.05975713216325355122e-04	 4.52847595087888746962e-03	 3.66952164144578645882e-12	-6.00888522311215748928e-03	-8.19765476659570072916e-04	-1.68383892315280905838e-02	 4.48272751341500619131e-04	
 5.65195607879153969308e-13	-3.45498057611702281601e-12	 3.66952164144578645882e-12	 1.73261107522314943832e-19	-8.75903692996712874966e-12	-9.14953589995246201878e-12	-5.74335002634169714470e-11	-9.00261873601567142648e-11	
 2.80934331144197719544e-04	 4.02756849458619375654e-04	-6.00888522311215748928e-03	-8.75903692996712874966e-12	 1.83783680363798461455e-02	-1.37462735352306109592e-03	 5.96862695067122001058e-02	-1.05422942199887691855e-02	
 9.99284525947235357938e-05	-2.46663914055019817869e-04	-8.19765476659570072916e-04	-9.14953589995246201878e-12	-1.37462735352306109592e-03	 7.43930734243245222331e-03	 1.38431185096207810814e-02	 9.24248554861736544910e-04	
 1.90820898070543981326e-03	 1.69233272394183026192e-03	-1.68383892315280905838e-02	-5.74335002634169714470e-11	 5.96862695067122001058e-02	 1.38431185096207810814e-02	 1.15543248054747671461e+00	-5.95300151573149860518e-01	
-1.27809533653977774187e-03	 1.52077647775828599976e-03	 4.48272751341500619131e-04	-9.00261873601567142648e-11	-1.05422942199887691855e-02	 9.24248554861736544910e-04	-5.95300151573149860518e-01	 3.68437149356265525313e+00	
