#          omega_b,        omega_cdm,              n_s,              A_s,                h,        bias_GC_1
 2.94318482889998824122e-05	 5.58052162062788308658e-05	-3.58563689450588338236e-05	-3.42679973382417409632e-13	 2.23738105768218176845e-04	-5.43105629545411445840e-05	
 5.58052162062788308658e-05	 1.11947337332846122361e-04	-7.23463094582638387977e-05	-6.82529903328535974077e-13	 4.57387686591187241861e-04	-1.36281577543581269721e-04	
-3.58563689450588338236e-05	-7.23463094582638387977e-05	 7.13285242483813110986e-05	 3.51267679732716800426e-13	-2.40882053856743190987e-04	 8.59107476914600787362e-05	
-3.42679973382417409632e-13	-6.82529903328535974077e-13	 3.51267679732716800426e-13	 1.10415881368112333576e-19	-3.03309493595403374249e-12	-1.86166488633328286990e-11	
 2.23738105768218176845e-04	 4.57387686591187241861e-04	-2.40882053856743190987e-04	-3.03309493595403374249e-12	 2.01619613545307154942e-03	-5.94141599126284569894e-04	
-5.43105629545411445840e-05	-1.36281577543581269721e-04	 8.59107476914600787362e-05	-1.86166488633328286990e-11	-5.94141599126284569894e-04	 3.87924154104763623321e-03	
