#          omega_b,        omega_cdm,              n_s,              A_s,                h,        bias_GC_1,        bias_GW_1,        bias_GW_2
 4.50238818963141329121e-05	-1.05339496033238466362e-05	-3.67051763757741153320e-05	 1.23913624389766119204e-12	 1.77199414865018812192e-04	 1.27491854945406736131e-04	 2.41261714639620361567e+00	-6.13106195626472416649e+00	
-1.05339496033238466362e-05	 2.69333661807833108816e-04	 3.75091238853180497276e-05	-5.24069881401269785716e-12	-1.33940960020213209111e-04	-5.89268906425510817851e-04	 5.45910505577007398870e+00	 1.83644265700934594676e+00	
-3.67051763757741153320e-05	 3.75091238853180497276e-05	 1.17000611669968602319e-02	-2.51927024165206047261e-11	-5.42838459260605067647e-03	 3.62104214681057074224e-03	 1.98021830917234709091e+01	-6.68228339967826912016e+01	
 1.23913624389766119204e-12	-5.24069881401269785716e-12	-2.51927024165206047261e-11	 4.79080213513434032075e-19	-7.57810280612151210821e-11	-7.16825763810668754425e-11	-4.33321123325157964542e-07	 4.30100823519658512480e-07	
 1.77199414865018812192e-04	-1.33940960020213209111e-04	-5.42838459260605067647e-03	-7.57810280612151210821e-11	 7.93722077743127113481e-02	 2.00495115714670740781e-02	 1.95568651956029128769e+02	-1.88845143314183616212e+02	
 1.27491854945406736131e-04	-5.89268906425510817851e-04	 3.62104214681057074224e-03	-7.16825763810668754425e-11	 2.00495115714670740781e-02	 2.60326895569253681517e-02	 9.43766467414401830638e+01	-2.02835262699657079111e+02	
 2.41261714639620361567e+00	 5.45910505577007398870e+00	 1.98021830917234709091e+01	-4.33321123325157964542e-07	 1.95568651956029128769e+02	 9.43766467414401830638e+01	 2.97754900206167958677e+07	-2.05962246335439383984e+07	
-6.13106195626472416649e+00	 1.83644265700934594676e+00	-6.68228339967826912016e+01	 4.30100823519658512480e-07	-1.88845143314183616212e+02	-2.02835262699657079111e+02	-2.05962246335439383984e+07	 5.22786802105490639806e+07	
