#          omega_b,        omega_cdm,              n_s,              A_s,                h,        bias_GC_1,        bias_GW_1,        bias_GW_2
 7.21222574462467701402e-06	 1.59448515519124922005e-05	-1.59732315391161112440e-05	-2.11975998001344645634e-13	 6.29420992487296585569e-05	 6.25577490681871655177e-07	 1.84790732862687742503e-04	-2.09232418652052856191e-06	
 1.59448515519124922005e-05	 3.78524935974912046474e-05	-4.75864968224406652058e-05	-4.97988437915096829412e-13	 1.44199674667364394339e-04	-7.04917016319338574093e-06	 4.05420116830051090445e-04	 1.50118224573905360128e-06	
-1.59732315391161112440e-05	-4.75864968224406652058e-05	 1.30997535205698627204e-04	 3.60226891403971586628e-13	-1.44318837813788800615e-04	 8.33184371712705019791e-05	-2.47167963652807792276e-04	-5.78340963801570381582e-05	
-2.11975998001344645634e-13	-4.97988437915096829412e-13	 3.60226891403971586628e-13	 8.50288091064896643846e-21	-2.07275986312441439699e-12	-2.80723413563074146248e-13	-6.58325044882860855362e-12	 1.98422120842943490987e-13	
 6.29420992487296585569e-05	 1.44199674667364394339e-04	-1.44318837813788800615e-04	-2.07275986312441439699e-12	 5.84724099460638625965e-04	 1.68236852993372272124e-05	 1.72757830485762743644e-03	-7.56422100273026971938e-05	
 6.25577490681871655177e-07	-7.04917016319338574093e-06	 8.33184371712705019791e-05	-2.80723413563074146248e-13	 1.68236852993372272124e-05	 9.53420095950004495419e-05	 2.39113029459328205184e-04	-4.40240576616061118670e-05	
 1.84790732862687742503e-04	 4.05420116830051090445e-04	-2.47167963652807792276e-04	-6.58325044882860855362e-12	 1.72757830485762743644e-03	 2.39113029459328205184e-04	 9.43781656775399130366e-03	-5.24271587849886935850e-03	
-2.09232418652052856191e-06	 1.50118224573905360128e-06	-5.78340963801570381582e-05	 1.98422120842943490987e-13	-7.56422100273026971938e-05	-4.40240576616061118670e-05	-5.24271587849886935850e-03	 1.43769353398537254318e-02	
