#          omega_b,        omega_cdm,              n_s,              A_s,                h,        bias_GC_1,        bias_GW_1,        bias_GW_2
 9.57189979052397974419e-07	 1.01157607659383385118e-06	 5.41975307669925408331e-07	 5.35833166483621052293e-15	 4.23034315688875718251e-06	-2.95804509689046148443e-07	 1.37347322932973078390e-05	-1.35889189616453684769e-06	
 1.01157607659383385118e-06	 2.06714994457311645486e-06	-3.66887439899508310530e-06	-8.36044351664537292843e-15	 6.44985776267679600807e-06	-3.39308756594774247735e-06	 1.64208706128994900118e-05	-9.18850958378734838298e-06	
 5.41975307669925408331e-07	-3.66887439899508310530e-06	 2.20372049473964520220e-05	 5.67893681423573755241e-14	-6.72593475322770238022e-06	 1.33863329794766215680e-05	-2.74288234461165801093e-05	 1.12492863651742115586e-04	
 5.35833166483620973407e-15	-8.36044351664537292843e-15	 5.67893681423573755241e-14	 3.46547184825326834860e-22	-1.94922180735935428384e-14	 1.83603885775847567963e-14	-3.30513961483544595320e-14	 1.08920173389547471532e-13	
 4.23034315688875718251e-06	 6.44985776267679600807e-06	-6.72593475322770238022e-06	-1.94922180735935428384e-14	 3.33825815956132151995e-05	-6.90170845965722112961e-06	 7.54823135872374555936e-05	 6.10693021451196547955e-05	
-2.95804509689046148443e-07	-3.39308756594774247735e-06	 1.33863329794766215680e-05	 1.83603885775847567963e-14	-6.90170845965722112961e-06	 1.54493789673717969453e-05	 1.57734967523752465186e-05	-3.01804572484281828355e-05	
 1.37347322932973078390e-05	 1.64208706128994900118e-05	-2.74288234461165801093e-05	-3.30513961483544595320e-14	 7.54823135872374555936e-05	 1.57734967523752465186e-05	 2.60821140634226490695e-02	-5.80080549939584466657e-02	
-1.35889189616453684769e-06	-9.18850958378734838298e-06	 1.12492863651742115586e-04	 1.08920173389547471532e-13	 6.10693021451196547955e-05	-3.01804572484281828355e-05	-5.80080549939584466657e-02	 2.21991638628274534639e-01	
