#          omega_b,        omega_cdm,              n_s,              A_s,                h,        bias_GC_1,        bias_GW_1,        bias_GW_2
 4.24618468983080796990e-05	 2.56189936981475138190e-06	 8.03539882960516664697e-05	 6.97317830900066009357e-13	 2.41046919847582512102e-04	 1.80333529046325895381e-04	 8.74044639602375764663e-04	-1.36536505703058322131e-04	
 2.56189936981475138190e-06	 2.94056876890899849576e-04	-9.94517783218145306557e-05	-2.96094218951540592670e-12	-1.12061648144325424689e-03	-1.25644136130765768887e-03	-8.92685207669561392972e-04	-9.55291374992813424778e-04	
 8.03539882960516664697e-05	-9.94517783218145306557e-05	 1.02838952156532655730e-02	-1.51131528888860894772e-11	-7.08191510313213069827e-03	 2.07669863525508603327e-03	-1.38205514347524271307e-02	 3.38309926259652057196e-03	
 6.97317830900065908383e-13	-2.96094218951540592670e-12	-1.51131528888860894772e-11	 3.31278906227197726259e-19	-3.24658745782512651956e-11	-5.08520608548094766762e-11	-5.61360188634521542485e-11	-1.45659685061939707595e-11	
 2.41046919847582512102e-04	-1.12061648144325424689e-03	-7.08191510313213069827e-03	-3.24658745782512651956e-11	 6.19784215018435793998e-02	 1.55214825988764723586e-02	 7.24710452561610207756e-02	 5.19269079272664593749e-02	
 1.80333529046325895381e-04	-1.25644136130765768887e-03	 2.07669863525508603327e-03	-5.08520608548094766762e-11	 1.55214825988764723586e-02	 2.49088299664859472160e-02	 2.77486506650626019166e-02	-1.06897031558873963596e-03	
 8.74044639602375764663e-04	-8.92685207669561392972e-04	-1.38205514347524271307e-02	-5.61360188634521542485e-11	 7.24710452561610207756e-02	 2.77486506650626019166e-02	 3.73896027910608896860e+00	-9.61117275354652300656e-01	
-1.36536505703058322131e-04	-9.55291374992813424778e-04	 3.38309926259652057196e-03	-1.45659685061939707595e-11	 5.19269079272664593749e-02	-1.06897031558873963596e-03	-9.61117275354652300656e-01	 3.83458830545904483245e+00	
