#          omega_b,        omega_cdm,              n_s,              A_s,                h,        bias_GC_1,        bias_GW_1,        bias_GW_2
 3.16383820383061054623e-05	 6.32192043039968894907e-05	-3.38777361536066342305e-05	 2.12985024818743836242e-13	 2.79121835358657911091e-04	-2.54813187419092887585e-04	 4.48499568320564969033e-04	-3.46606084134951347026e-04	
 6.32192043039968894907e-05	 1.32747130271455984285e-04	-7.30877573423896882655e-05	 4.80237807302054718125e-13	 5.89755113723953398180e-04	-5.67640309706713298149e-04	 8.51245321925575321349e-04	-6.71659929010760478607e-04	
-3.38777361536066342305e-05	-7.30877573423896882655e-05	 5.81980559503714797026e-05	-2.18734927956117916330e-13	-2.86826510805075600170e-04	 2.88594687756618076702e-04	-3.93018449211648425966e-04	 1.51186866697550762644e-04	
 2.12985024818743810998e-13	 4.80237807302054718125e-13	-2.18734927956117916330e-13	 6.13066858544485840126e-20	 2.24402665949176804599e-12	-1.75878344615708668960e-11	-2.83850460792226139047e-11	 1.02218620114752118533e-12	
 2.79121835358657911091e-04	 5.89755113723953398180e-04	-2.86826510805075600170e-04	 2.24402665949176804599e-12	 2.72127466849663227078e-03	-2.61597479318371756857e-03	 3.88542143432386985133e-03	-3.32100804228550611913e-03	
-2.54813187419092887585e-04	-5.67640309706713298149e-04	 2.88594687756618076702e-04	-1.75878344615708668960e-11	-2.61597479318371756857e-03	 6.63811679034419319795e-03	 4.72161170666510719707e-03	 1.98111898308908586028e-03	
 4.48499568320564969033e-04	 8.51245321925575321349e-04	-3.93018449211648425966e-04	-2.83850460792226139047e-11	 3.88542143432386985133e-03	 4.72161170666510719707e-03	 3.00306939360579054632e-02	-3.52355897547732832553e-02	
-3.46606084134951347026e-04	-6.71659929010760478607e-04	 1.51186866697550762644e-04	 1.02218620114752118533e-12	-3.32100804228550611913e-03	 1.98111898308908586028e-03	-3.52355897547732832553e-02	 1.81510415325069979220e-01	
