#          omega_b,        omega_cdm,              n_s,              A_s,                h,        bias_GC_1,        bias_GW_1,        bias_GW_2
 1.68621633725965981330e-05	 3.78098111617790460788e-05	-4.15957397748642685700e-05	-4.28555275386534464615e-13	 1.43519649662901375726e-04	-6.35268780199318369186e-06	 3.61970186435738949891e-04	 2.13252466550217415582e-05	
 3.78098111617790460788e-05	 8.77883505997624995600e-05	-1.07545885109488429526e-04	-9.89854582510245697880e-13	 3.28123483338165487008e-04	-2.43534259468894561090e-05	 7.96469660095615382238e-04	 8.01709060484890971825e-05	
-4.15957397748642685700e-05	-1.07545885109488429526e-04	 2.01663449856460605392e-04	 1.00185782834480870001e-12	-3.71336005590226466474e-04	 1.00527119042151592181e-04	-7.28085670806488975335e-04	-3.07676354420521251491e-04	
-4.28555275386534515102e-13	-9.89854582510245697880e-13	 1.00185782834480870001e-12	 1.27976720796740186385e-20	-3.83561052256527782818e-12	-3.12208607487929447098e-14	-9.44269952020577614998e-12	-1.03707951088155446929e-12	
 1.43519649662901375726e-04	 3.28123483338165487008e-04	-3.71336005590226466474e-04	-3.83561052256527782818e-12	 1.25628127817788213909e-03	-5.57925446045935628900e-05	 3.08177798408157833238e-03	 3.21026306994674011548e-04	
-6.35268780199318369186e-06	-2.43534259468894561090e-05	 1.00527119042151592181e-04	-3.12208607487929447098e-14	-5.57925446045935628900e-05	 9.25434301300510003341e-05	-9.16773905244469749576e-06	-1.25441526848012245522e-04	
 3.61970186435738949891e-04	 7.96469660095615382238e-04	-7.28085670806488975335e-04	-9.44269952020577614998e-12	 3.08177798408157833238e-03	-9.16773905244469749576e-06	 5.22176644577076604081e-02	-5.59761393687373820516e-02	
 2.13252466550217415582e-05	 8.01709060484890971825e-05	-3.07676354420521251491e-04	-1.03707951088155446929e-12	 3.21026306994674011548e-04	-1.25441526848012245522e-04	-5.59761393687373820516e-02	 1.51808853074945543371e-01	
