#          omega_b,        omega_cdm,              n_s,              A_s,                h,        bias_GC_1,        bias_GW_1,        bias_GW_2
 3.96022945579366946909e-05	 2.30856861835086105258e-05	 1.05760374653928385303e-05	 6.92124381990791622342e-13	 1.19361343759682914567e-05	-1.01402840487633307134e-05	 4.42726071983746657153e-04	 2.26293444929690228291e-04	
 2.30856861835086105258e-05	 2.99330089787916355133e-04	-3.88853082025022772552e-04	-8.40260741388682686137e-12	 1.56550796100515267860e-03	 5.31809499094708110906e-04	 4.68440433068434067265e-03	-9.18396559030722463984e-04	
 1.05760374653928385303e-05	-3.88853082025022772552e-04	 1.71668064584978592030e-03	 9.70902681249132071998e-12	-7.73441549503291214153e-04	-1.19972395516899541738e-04	-6.82302435625510399209e-03	 4.35404632745041951514e-03	
 6.92124381990791622342e-13	-8.40260741388682686137e-12	 9.70902681249132071998e-12	 3.58842664975900204679e-19	-4.69137635803543351205e-11	-2.59854073518544118328e-11	-2.01742772890182736883e-10	 4.89724817687539805717e-11	
 1.19361343759682914567e-05	 1.56550796100515267860e-03	-7.73441549503291214153e-04	-4.69137635803543351205e-11	 2.28227764156597005829e-02	 2.82817536803546239546e-03	 2.79241434396519661032e-02	-1.44371223358345096566e-02	
-1.01402840487633307134e-05	 5.31809499094708110906e-04	-1.19972395516899541738e-04	-2.59854073518544118328e-11	 2.82817536803546239546e-03	 1.96381693992248335112e-01	-3.95151751001662332463e-01	-1.84429522605452072409e-03	
 4.42726071983746657153e-04	 4.68440433068434067265e-03	-6.82302435625510399209e-03	-2.01742772890182736883e-10	 2.79241434396519661032e-02	-3.95151751001662332463e-01	 1.20837649297291838124e+00	-5.17939681158216119750e-02	
 2.26293444929690228291e-04	-9.18396559030722463984e-04	 4.35404632745041951514e-03	 4.89724817687539805717e-11	-1.44371223358345096566e-02	-1.84429522605452072409e-03	-5.17939681158216119750e-02	 1.21336255364157791226e-01	
